210
16
10
100
0.5
1.5
10
0.35
3
5
8



5
1.5
0.36
30
330
320
10
1.6
0.37
32
330
320
20
1.7
0.38
35
330
320
30
1.5
0.37
38
330
320
20
1.5
0.38
40
330
320
10



100
318
437
371
458
370
406
364
478
351
321
323
369
388
455
394
407
343
319
342
425
380
366
355
443
346
366
375
353
315
309
471
475
369
400
343
312
335
438
315
367
480
442
417
431
368
419
426
463
345
352
302
400
406
316
331
438
366
304
454
407
379
362
478
307
452
344
319
378
469
306
306
466
363
441
409
306
347
415
317
412
443
411
376
441
473
358
389
349
408
365
423
436
441
432
301
446
385
463
358
407
311
358
331
319
346
469
337
469
382
304
381
446
392
321
379
369
324
369
412
409
357
343
328
405
347
400
447
375
359
476
317
473
338
370
358
310
362
407
420
384
432
445
452
338
333
374
439
457
473
393
456
410
436
448
313
443
316
383
387
367
360
443
344
391
417
363
303
318
438
431
349
366
319
413
420
343
312
314
449
464
410
309
480
419
303
480
420
372
452
456
390
470
471
397
384
305
333
434
427
310
